0       0.667   33.000  11.00   0
1       0.662   33.000  11.00   0
2       0.657   33.000  11.00   0
3       0.652   33.000  11.00   0
4       0.647   33.000  11.00   0
5       0.642   33.000  11.00   0
6       0.637   33.000  11.00   0
7       0.632   33.000  11.00   0
8       0.627   33.000  11.00   0
9       0.622   33.000  11.00   0
10      0.617   33.000  11.00   0
11      0.612   33.000  11.00   0
12      0.607   32.687  11.00   1
13      0.602   32.687  11.00   1
14      0.597   32.687  11.00   1
15      0.592   32.687  11.00   1
16      0.587   32.374  47.00   3
17      0.582   32.374  18.00   3
18      0.577   32.374  19.00   3
19      0.572   32.061  20.00   3
20      0.567   32.061  21.00   3
21      0.562   32.061  23.00   3
22      0.557   31.748  19.00   4
23      0.552   31.748  23.00   4
24      0.547   31.748  24.00   4
25      0.542   31.435  26.00   4
26      0.537   31.435  27.00   4
27      0.532   31.122  12.00   5
28      0.527   30.809  11.00   8
29      0.522   30.496  11.00   9
30      0.517   30.183  11.00   10
31      0.512   29.870  11.00   10
32      0.507   29.557  11.00   11
33      0.502   29.243  11.00   11
34      0.497   28.930  11.00   12
35      0.492   28.617  5.00    12
36      0.487   28.304  2.00    12
37      0.482   27.991  4.00    12
38      0.477   27.678  1.00    12
39      0.472   27.052  0.00    13
40      0.467   26.739  1.00    13
41      0.462   26.426  0.00    13
42      0.457   26.113  0.00    13
43      0.452   25.487  2.00    12
44      0.447   25.174  1.00    12
45      0.442   24.861  2.00    12
46      0.437   24.548  1.00    12
47      0.432   24.235  4.00    11
48      0.427   23.922  1.00    11
49      0.422   23.609  6.00    10
50      0.417   23.296  3.00    10
51      0.412   22.983  4.00    10
52      0.407   22.670  6.00    10
53      0.402   22.357  7.00    9
54      0.397   22.043  4.00    9
55      0.392   22.043  5.00    9
56      0.387   21.730  9.00    9
57      0.382   21.417  7.00    9
58      0.377   21.104  11.00   8
59      0.372   20.791  11.00   8
60      0.367   20.791  10.00   8
61      0.362   20.478  14.00   7
62      0.357   20.165  15.00   7
63      0.352   20.165  14.00   7
64      0.347   19.852  15.00   7
65      0.342   19.852  16.00   6
66      0.337   19.539  21.00   6
67      0.332   19.226  19.00   6
68      0.327   19.226  20.00   6
69      0.322   18.913  24.00   5
70      0.317   18.913  23.00   5
71      0.312   18.600  27.00   5
72      0.307   18.600  27.00   5
73      0.302   18.600  28.00   5
74      0.297   18.287  30.00   5
75      0.292   18.287  31.00   6
76      0.287   17.974  22.00   6
77      0.282   17.661  14.00   8
78      0.277   17.348  20.00   8
79      0.272   17.035  17.00   9
80      0.267   16.722  16.00   10
81      0.262   16.722  21.00   10
82      0.257   16.409  18.00   10
83      0.252   16.096  17.00   11
84      0.247   15.783  15.00   11
85      0.242   15.157  13.00   11
86      0.237   14.843  15.00   11
87      0.232   14.530  15.00   11
88      0.227   14.217  15.00   11
89      0.222   13.904  14.00   11
90      0.217   13.591  13.00   12
91      0.212   13.278  14.00   12
92      0.207   12.965  12.00   12
93      0.202   12.652  12.00   12
94      0.197   12.026  9.00    12
95      0.192   11.713  12.00   12
96      0.187   11.400  9.00    12
97      0.182   11.087  13.00   12
98      0.177   10.774  8.00    12
99      0.172   10.461  9.00    12
100     0.167   10.148  9.00    12
101     0.162   9.522   6.00    12
102     0.157   9.209   10.00   12
103     0.152   8.896   8.00    12
104     0.147   8.583   9.00    12
105     0.142   8.270   9.00    11
106     0.137   7.957   10.00   11
107     0.132   7.643   9.00    11
108     0.127   7.330   8.00    11
109     0.122   7.017   10.00   11
110     0.117   6.704   8.00    11
111     0.112   6.391   9.00    11
112     0.107   6.078   9.00    11
113     0.102   5.765   9.00    11
114     0.097   5.452   11.00   10
115     0.092   5.139   9.00    10
116     0.087   4.826   13.00   9
117     0.082   4.513   10.00   9
118     0.077   4.200   11.00   9
119     0.072   3.887   12.00   9
120     0.067   3.887   16.00   9
121     0.062   3.574   15.00   9
122     0.057   3.261   13.00   9
123     0.052   2.948   16.00   8
124     0.047   2.635   15.00   8
125     0.042   2.635   23.00   8
126     0.037   2.322   22.00   8
127     0.032   2.009   22.00   7
128     0.032   2.009   22.00   7
129     0.027   2.009   22.00   7
130     0.027   2.009   0.00    6
131     1.333   31.508  11.00   0
132     1.328   31.508  11.00   0
133     1.323   31.508  11.00   0
134     1.318   31.508  11.00   0
135     1.313   31.508  11.00   0
136     1.308   31.195  11.00   1
137     1.303   31.195  11.00   1
138     1.298   31.195  11.00   1
139     1.293   31.195  11.00   1
140     1.288   31.195  11.00   1
141     1.283   31.195  11.00   1
142     1.278   31.195  11.00   1
143     1.273   31.195  11.00   1
144     1.268   31.195  11.00   1
145     1.263   31.195  11.00   1
146     1.258   31.195  11.00   1
147     1.253   31.195  11.00   1
148     1.248   31.195  11.00   1
149     1.243   31.195  11.00   1
150     1.238   31.195  11.00   1
151     1.233   31.195  11.00   1
152     1.228   31.195  11.00   1
153     1.223   31.195  11.00   1
154     1.218   31.195  11.00   1
155     1.213   31.195  11.00   1
156     1.208   31.195  11.00   1
157     1.203   31.195  11.00   1
158     1.198   31.195  11.00   1
159     1.193   31.195  11.00   1
160     1.188   30.882  11.00   0
161     1.183   30.882  11.00   0
162     1.178   30.882  11.00   0
163     1.173   30.882  11.00   0
164     1.168   30.569  13.00   3
165     1.163   30.569  11.00   3
166     1.158   30.569  11.00   3
167     1.153   30.256  11.00   3
168     1.148   30.256  11.00   3
169     1.143   30.256  11.00   3
170     1.138   29.943  11.00   3
171     1.133   29.943  11.00   3
172     1.128   29.943  11.00   3
173     1.123   29.630  11.00   4
174     1.118   29.630  11.00   4
175     1.113   29.630  11.00   4
176     1.108   29.317  11.00   4
177     1.103   29.317  11.00   4
178     1.098   29.317  11.00   4
179     1.093   29.003  11.00   4
180     1.088   29.003  11.00   4
181     1.083   28.690  11.00   4
182     1.078   28.690  11.00   4
183     1.073   28.690  5.00    5
184     1.068   28.377  0.00    5
185     1.063   28.377  3.00    5
186     1.058   28.064  5.00    4
187     1.053   28.064  3.00    4
188     1.048   27.751  0.00    5
189     1.043   27.751  2.00    5
190     1.038   27.438  1.00    5
191     1.033   27.438  2.00    5
192     1.028   27.125  0.00    5
193     1.023   27.125  1.00    5
194     1.018   26.812  1.00    5
195     1.013   26.812  1.00    5
196     1.008   26.812  1.00    5
197     1.003   26.499  2.00    5
198     0.998   26.499  1.00    5
199     0.993   26.186  6.00    4
200     0.988   26.186  3.00    4
201     0.983   26.186  3.00    4
202     0.978   25.873  3.00    4
203     0.973   25.873  3.00    4
204     0.968   25.873  3.00    4
205     0.963   25.560  13.00   3
206     0.958   25.560  7.00    3
207     0.953   25.560  7.00    3
208     0.948   25.560  8.00    3
209     0.943   25.560  8.00    3
210     0.938   25.247  13.00   2
211     0.933   25.247  10.00   2
212     0.928   25.247  11.00   2
213     0.923   25.247  11.00   2
214     0.918   25.247  12.00   2
215     0.913   25.247  12.00   2
216     0.908   25.247  12.00   2
217     0.903   25.247  13.00   2
218     0.898   24.934  20.00   1
219     0.893   24.934  16.00   1
220     0.888   24.934  17.00   1
221     0.883   24.934  18.00   1
222     0.878   24.934  18.00   1
223     0.873   24.934  19.00   1
224     0.868   24.934  19.00   1
225     0.863   24.934  20.00   1
226     0.858   24.934  21.00   1
227     0.853   24.934  21.00   1
228     0.848   24.621  23.00   1
229     0.843   24.621  23.00   1
230     0.838   24.308  0.00    4
231     0.833   24.308  15.00   4
232     0.828   23.995  3.00    6
233     0.823   23.995  11.00   6
234     0.818   23.682  8.00    6
235     0.813   23.369  3.00    7
236     0.808   23.369  7.00    7
237     0.803   23.056  6.00    7
238     0.798   22.743  1.00    8
239     0.793   22.430  8.00    7
240     0.788   22.430  5.00    7
241     0.783   22.117  1.00    8
242     0.778   21.803  10.00   7
243     0.773   21.803  5.00    7
244     0.768   21.490  2.00    7
245     0.763   21.490  4.00    7
246     0.758   21.177  10.00   6
247     0.753   21.177  7.00    6
248     0.748   20.864  6.00    6
249     0.743   20.864  6.00    5
250     0.738   20.551  10.00   5
251     0.733   20.551  7.00    5
252     0.728   20.238  10.00   5
253     0.723   20.238  9.00    5
254     0.718   19.925  13.00   4
255     0.713   19.925  10.00   4
256     0.708   19.925  10.00   4
257     0.703   19.612  15.00   3
258     0.698   19.612  12.00   3
259     0.693   19.612  13.00   3
260     0.688   19.612  13.00   3
261     0.683   19.612  13.00   3
262     0.678   19.299  20.00   3
263     0.673   19.299  16.00   3
264     0.668   19.299  17.00   3
265     0.663   19.299  17.00   3
266     0.658   18.986  16.00   3
267     0.653   18.986  18.00   3
268     0.648   18.986  18.00   3
269     0.643   18.673  13.00   3
270     0.638   18.673  17.00   3
271     0.633   18.360  8.00    4
272     0.628   18.360  14.00   4
273     0.623   18.360  15.00   4
274     0.618   18.047  15.00   4
275     0.613   18.047  15.00   4
276     0.608   17.734  11.00   5
277     0.603   17.734  14.00   5
278     0.598   17.421  13.00   5
279     0.593   17.421  14.00   5
280     0.588   17.108  5.00    6
281     0.583   17.108  11.00   6
282     0.578   16.795  6.00    6
283     0.573   16.482  1.00    7
284     0.568   16.482  6.00    7
285     0.563   16.169  5.00    7
286     0.558   15.856  0.00    8
287     0.553   15.543  6.00    8
288     0.548   15.230  0.00    8
289     0.543   15.230  0.00    8
290     0.538   14.917  3.00    8
291     0.533   14.603  0.00    8
292     0.528   14.603  0.00    8
293     0.523   14.290  4.00    7
294     0.518   13.977  0.00    7
295     0.513   13.977  0.00    7
296     0.508   13.664  5.00    6
297     0.503   13.351  2.00    6
298     0.498   13.351  2.00    6
299     0.493   13.038  5.00    6
300     0.488   13.038  3.00    6
301     0.483   12.725  1.00    6
302     0.478   12.725  2.00    6
303     0.473   12.412  10.00   5
304     0.468   12.412  5.00    5
305     0.463   12.412  5.00    5
306     0.458   12.099  4.00    5
307     0.453   12.099  5.00    5
308     0.448   12.099  5.00    5
309     0.443   11.786  14.00   3
310     0.438   11.786  8.00    3
311     0.433   11.786  9.00    3
312     0.428   11.786  9.00    3
313     0.423   11.786  9.00    3
314     0.418   11.473  17.00   2
315     0.413   11.473  13.00   2
316     0.408   11.473  14.00   2
317     0.403   11.473  14.00   2
318     0.398   11.473  15.00   2
319     0.393   11.473  15.00   2
320     0.388   11.473  16.00   2
321     0.383   11.473  16.00   2
322     0.378   11.473  17.00   2
323     0.373   11.473  18.00   2
324     0.368   11.473  18.00   2
325     0.363   11.473  19.00   2
326     0.358   11.473  20.00   2
327     0.353   11.473  21.00   2
328     0.348   11.160  31.00   1
329     0.343   11.160  26.00   1
330     0.338   11.160  27.00   1
331     0.333   11.160  28.00   1
332     0.328   10.847  7.00    3
333     0.323   10.847  22.00   5
334     0.318   10.534  6.00    5
335     0.313   10.221  6.00    7
336     0.308   10.221  13.00   7
337     0.303   9.908   11.00   7
338     0.298   9.595   3.00    8
339     0.293   9.282   11.00   7
340     0.288   9.282   10.00   7
341     0.283   8.969   3.00    8
342     0.278   8.656   11.00   7
343     0.273   8.656   9.00    7
344     0.268   8.343   5.00    8
345     0.263   8.030   8.00    7
346     0.258   7.717   3.00    8
347     0.253   7.717   6.00    8
348     0.248   7.403   7.00    7
349     0.243   7.090   2.00    7
350     0.238   7.090   5.00    7
351     0.233   6.777   5.00    7
352     0.228   6.464   0.00    8
353     0.223   6.464   2.00    8
354     0.218   6.151   8.00    7
355     0.213   5.838   0.00    7
356     0.208   5.838   3.00    7
357     0.203   5.525   9.00    6
358     0.198   5.525   5.00    6
359     0.193   5.212   3.00    6
360     0.188   5.212   4.00    6
361     0.183   4.899   9.00    5
362     0.178   4.899   6.00    5
363     0.173   4.586   8.00    5
364     0.168   4.586   7.00    5
365     0.163   4.586   12.00   4
366     0.158   4.273   7.00    4
367     0.153   4.273   9.00    4
368     0.148   3.960   12.00   4
369     0.143   3.960   11.00   4
370     0.138   3.960   12.00   4
371     0.133   3.960   12.00   4
372     0.128   3.960   20.00   3
373     0.123   3.647   13.00   3
374     0.118   3.647   16.00   3
375     0.113   3.647   18.00   3
376     0.108   3.647   19.00   3
377     0.103   3.334   18.00   2
378     0.098   3.334   21.00   2
379     0.093   3.334   22.00   2
380     0.088   3.334   24.00   2
381     0.083   3.334   26.00   2
382     0.078   3.334   28.00   2
383     0.073   3.021   30.00   2
384     0.068   3.021   32.00   2
385     0.063   2.708   0.00    5
386     0.058   2.708   25.00   5
387     0.053   2.395   18.00   6
388     0.048   2.395   27.00   6
389     0.043   2.082   15.00   7
390     0.038   1.769   16.00   7
391     0.033   1.769   0.00    7
392     0.033   1.769   0.00    8
393     0.033   1.769   0.00    8
394     0.033   1.769   0.00    8
395     0.033   1.769   0.00    8
396     0.033   1.769   0.00    7
397     0.033   1.769   0.00    7
398     0.033   1.769   0.00    5
End