15      0       15.00
15      0       15.00
15      0       15.00
15      0       15.00
15      0       15.00
15      0       15.00
15      0       15.00
15      0       15.00
15      0       15.00
15      10      15.00
15      17      -2.34
15      24      -7.03
15      26      -11.38
15      28      -13.46
15      29      -14.20
15      29      -14.92
15      29      -14.41
15      28      -13.40
15      27      -12.57
15      27      -12.69
15      27      -12.20
15      25      -10.78
15      25      -10.67
15      24      -9.69
15      23      -8.64
15      23      -8.51
15      22      -7.85
15      22      -7.03
15      20      -5.95
15      20      -5.53
15      19      -4.80
15      18      -3.66
15      18      -3.19
15      17      -2.59
15      16      -1.80
15      16      -1.28
15      15      -0.58
15      14      0.10
15      14      0.92
15      13      1.82
15      12      2.02
15      11      3.29
15      11      3.51
15      10      4.16
15      10      4.79
15      9       5.51
15      8       6.13
15      8       6.66
15      8       7.00
15      7       7.00
15      7       7.62
15      6       8.66
15      6       8.52
15      6       8.52
15      6       8.11
15      7       7.54
15      7       7.28
15      7       7.45
15      9       5.65
15      10      4.35
15      12      2.86
15      12      2.92
15      12      2.22
15      13      1.62
15      13      1.20
15      13      1.47
15      13      1.52
15      12      2.54
15      12      2.54
15      11      3.05
15      11      3.29
15      10      4.14
15      10      4.51
15      10      4.61
15      10      5.00
15      9       5.66
15      9       5.35
15      10      4.75
15      10      4.39
15      10      4.43
15      10      4.37
15      10      4.08
15      10      4.08
15      11      3.81
15      12      2.85
15      12      2.40
15      12      2.31
15      12      2.02
15      13      1.81
15      13      1.81
15      14      0.70
15      14      0.54
15      14      0.92
15      14      0.98
15      13      1.62
15      13      1.41
15      13      1.53
15      13      1.58
15      12      2.06
15      12      2.22
15      12      2.44
15      12      2.84
15      11      3.19
15      11      3.05
15      11      3.33
15      11      3.42
15      12      2.30
15      12      2.35
15      13      1.92
15      13      1.40
15      13      1.09
15      13      1.03
15      14      0.74
15      13      1.11
15      14      0.75
15      14      0.55
15      14      0.52
15      14      0.84
15      14      0.74
15      13      1.38
15      13      1.52
15      13      1.31
15      13      1.53
15      13      1.84
15      13      1.68
15      12      2.30
15      12      2.29
15      13      1.98
15      13      1.95
15      13      2.00
15      13      1.86
15      12      1.99
15      13      1.91
15      13      1.43
15      13      1.15
15      13      1.08
15      14      0.84
15      13      1.22
15      14      0.87
15      14      0.65
15      14      0.57
15      14      0.62
15      14      0.40
15      14      0.96
15      13      1.01
15      14      0.67
15      14      0.87
15      13      1.06
15      14      0.98
15      13      1.43
15      13      1.44
15      13      1.09
15      13      1.26
15      13      1.47
15      13      1.29
15      13      1.20
15      13      1.35
15      14      0.75
15      14      0.77
15      14      0.84
15      14      0.64
15      14      0.65
15      14      0.47
15      14      0.33
15      14      0.43
15      14      0.29
15      14      0.77
15      14      0.65
15      14      0.29
15      14      0.28
15      14      0.35
15      14      0.20
15      14      0.26
15      14      0.47
15      14      0.01
15      14      0.17
15      14      0.02
15      14      0.47
15      14      0.42
15      14      0.06
15      14      0.08
15      14      0.19
15      14      0.04
15      14      0.08
15      14      0.01
15      15      -0.10
15      14      0.01
15      15      -0.07
15      14      0.54
15      14      0.57
15      14      0.26
15      14      0.42
15      14      0.65
15      14      0.62
15      14      0.79
15      14      0.62
15      14      0.40
15      14      0.52
15      14      0.33
15      14      0.75
15      14      0.42
15      14      0.31
15      14      0.29
15      14      0.38
15      14      0.22
15      14      0.60
15      14      0.52
15      14      0.04
15      14      0.17
15      13      1.14
15      13      1.06
15      13      1.20
15      13      1.22
15      13      1.15
15      13      1.08
15      13      1.17
15      13      1.22
15      14      0.42
15      15      -0.09
15      15      -0.45
15      15      -0.58
15      15      -0.76
15      16      -1.11
15      16      -1.26
15      16      -1.31
15      16      -1.14
15      16      -1.22
15      16      -1.03
15      16      -1.01
15      15      -0.84
15      15      -0.52
15      15      -0.29
15      15      -0.16
15      15      -0.05
15      15      -0.03
15      14      0.26
15      14      0.50
15      14      0.64
15      14      0.70