30      0       30.00
30      0       30.00
30      0       30.00
30      0       30.00
30      0       30.00
30      0       30.00
30      0       30.00
30      0       30.00
30      0       30.00
30      22      7.32
30      34      -4.54
30      41      -10.98
30      45      -15.37
30      47      -17.66
30      49      -19.18
30      49      -19.38
30      48      -18.79
30      48      -18.41
30      47      -17.84
30      47      -17.29
30      46      -16.93
30      46      -16.22
30      45      -15.04
30      43      -13.91
30      43      -13.91
30      42      -12.69
30      41      -12.11
30      41      -11.40
30      40      -10.05
30      39      -9.41
30      38      -8.54
30      38      -8.18
30      36      -7.26
30      36      -6.27
30      35      -5.53
30      34      -4.83
30      34      -4.06
30      33      -3.69
30      32      -2.70
30      32      -2.10
30      31      -1.37
30      30      -0.51
30      29      0.44
30      29      0.73
30      28      1.41
30      27      2.18
30      26      3.15
30      26      3.73
30      25      4.17
30      24      5.06
30      24      5.75
30      23      6.22
30      23      6.71
30      22      7.48
30      21      8.43
30      20      9.13
30      20      9.61
30      19      10.39
30      18      11.06
30      18      11.70
30      17      12.44
30      16      13.04
30      16      13.76
30      15      14.44
30      14      15.02
30      14      15.35
30      14      15.62
30      14      15.74
30      14      15.95
30      13      16.15
30      13      16.11
30      15      14.03
30      18      12.00
30      18      11.14
30      19      10.42
30      19      10.07
30      20      9.68
30      20      9.34
30      20      9.23
30      20      9.13
30      20      9.13
30      20      9.34
30      20      9.51
30      20      9.51
30      20      9.71
30      20      9.54
30      20      9.91
30      20      9.91
30      20      9.88
30      20      9.54
30      20      9.13
30      21      9.09
30      21      8.76
30      21      8.58
30      21      8.32
30      22      7.81
30      22      7.27
30      23      6.63
30      23      6.13
30      24      5.89
30      24      5.94
30      24      5.70
30      24      5.16
30      24      5.51
30      24      5.51
30      24      5.46
30      24      5.51
30      24      5.70
30      24      5.65
30      24      5.70
30      24      5.80
30      24      5.80
30      24      5.65
30      24      5.46
30      24      5.46
30      24      5.41
30      24      5.21
30      24      5.26
30      24      5.16
30      25      4.75
30      25      4.81
30      25      4.65
30      25      4.39
30      25      4.33
30      28      1.86
30      28      1.99
30      28      2.31
30      28      1.21
30      28      1.41
30      29      0.86
30      29      0.59
30      29      0.73
30      28      1.47
30      28      1.07
30      28      1.34
30      28      1.86
30      28      1.41
30      28      1.60
30      28      1.86
30      28      1.80
30      27      2.56
30      27      2.12
30      27      2.12
30      27      2.98
30      27      2.31
30      27      2.25
30      27      2.56
30      28      1.86
30      28      1.80
30      27      2.25
30      28      1.21
30      28      1.47
30      29      1.00
30      29      0.80
30      29      0.80
30      28      0.66
30      29      0.80
30      29      0.66
30      28      1.07
30      29      0.59
30      28      0.93
30      29      0.86
30      28      1.14
30      28      1.60
30      29      0.80
30      28      1.34
30      29      0.93
30      29      1.00
30      28      1.21
30      28      1.14
30      28      1.27
30      28      1.27
30      28      1.93
30      28      1.41
30      28      1.54
30      28      1.99
30      28      1.47
30      28      1.47
30      28      1.21
30      29      0.80
30      28      1.41
30      29      0.59
30      29      0.66
30      29      0.16
30      29      0.01
30      29      0.01
30      29      0.66
30      30      -0.06
30      29      0.01
30      30      -0.06
30      29      0.01
30      30      -0.28
30      29      -0.14
30      29      0.01
30      29      0.73
30      29      0.23
30      29      0.44
30      29      0.52
30      29      0.80
30      28      1.21
30      29      0.44
30      29      0.86
30      29      0.44
30      29      0.66
30      29      0.44
30      28      1.07
30      29      0.59
30      29      0.52
30      29      0.52
30      29      0.37
30      28      1.21
30      29      0.44
30      29      0.59
30      29      0.30
30      29      0.23
30      29      0.30
30      29      0.23
30      29      0.30
30      29      0.44
30      29      0.80
30      29      0.23
30      29      1.00
30      29      0.30
30      29      0.52
30      29      0.93
30      29      0.08
30      29      0.16
30      29      0.08
30      29      0.30
30      29      0.37
30      29      0.80
30      29      0.16
30      29      0.30
30      29      0.30
30      29      0.44
30      29      0.86
30      29      0.01
30      29      0.16
30      29      0.08
30      29      0.16
30      29      0.30
30      29      0.73
30      29      0.08
30      29      0.30
30      29      0.23
30      29      0.44
30      29      0.80
30      29      0.01
30      29      0.08
30      29      0.08
30      29      0.16
30      29      0.30
30      29      0.73
30      29      0.23
30      29      0.37
30      29      0.37
30      29      0.52
30      29      1.00
30      29      0.08
30      29      0.16
30      29      0.16
30      29      0.16
30      29      0.16
30      29      0.59
30      30      -0.14
30      29      0.66
30      30      -0.36
30      30      -0.36
30      29      0.23
30      30      -0.43
30      30      -0.28
30      30      -0.28
30      30      -0.28
30      30      -0.66
30      30      -0.66
30      29      -0.43
30      30      -0.81
30      30      -0.74
30      30      -0.14
30      30      -0.81