10      0       10.00
10      0       10.00
10      0       10.00
10      0       10.00
10      0       10.00
10      0       10.00
10      0       10.00
10      0       10.00
10      0       10.00
10      0       9.33
10      9       0.04
10      12      -2.86
10      14      -4.16
10      16      -6.50
10      17      -7.32
10      17      -7.39
10      16      -6.94
10      16      -6.35
10      15      -5.76
10      15      -5.54
10      15      -5.09
10      14      -4.30
10      14      -4.18
10      13      -3.72
10      12      -2.85
10      12      -2.05
10      11      -1.69
10      10      -0.49
10      9       0.07
10      9       0.36
10      9       0.97
10      8       1.92
10      7       2.47
10      6       3.23
10      6       3.23
10      6       3.51
10      5       4.11
10      5       4.11
10      4       5.11
10      4       5.11
10      4       5.61
10      4       5.61
10      5       4.11
10      6       3.21
10      6       3.01
10      6       3.01
10      6       3.25
10      7       2.91
10      7       2.71
10      7       2.25
10      7       2.09
10      7       2.25
10      7       2.25
10      7       2.33
10      7       2.31
10      7       2.08
10      7       2.18
10      7       2.60
10      7       2.47
10      7       2.47
10      7       2.44
10      7       2.44
10      7       2.68
10      7       2.68
10      7       2.71
10      7       2.62
10      7       2.66
10      7       2.76
10      7       2.57
10      8       1.78
10      8       1.14
10      9       0.61
10      9       0.39
10      9       0.16
10      10      -0.11
10      10      -0.14
10      10      -0.13
10      9       0.23
10      9       0.42
10      9       0.62
10      9       0.96
10      8       1.17
10      8       1.46
10      8       1.62
10      8       1.89
10      7       2.17
10      7       2.37
10      7       2.66
10      7       2.23
10      8       1.84
10      8       1.67
10      8       1.53
10      8       1.47
10      8       1.32
10      8       1.01
10      9       0.75
10      9       0.53
10      9       0.49
10      10      -0.00
10      10      -0.04
10      10      -0.17
10      10      -0.31
10      10      -0.31
10      10      -0.05
10      9       0.25
10      9       0.38
10      9       0.74
10      9       0.89
10      8       1.10
10      8       1.17
10      8       1.34
10      8       1.53
10      8       1.64
10      8       1.47
10      9       0.95
10      9       0.50
10      9       0.34
10      9       0.13
10      10      -0.11
10      10      -0.14
10      10      -0.20
10      10      -0.11
10      10      -0.23
10      9       0.08
10      9       0.22
10      9       0.44
10      9       0.51
10      9       0.71
10      8       0.93
10      8       1.31
10      8       1.42
10      8       1.37
10      8       1.38
10      8       1.32
10      8       1.33
10      8       1.23
10      8       1.26
10      8       1.18
10      9       0.85
10      9       0.76
10      9       0.47
10      9       0.17
10      10      -0.02
10      10      -0.06
10      10      -0.19
10      10      -0.18
10      10      -0.26
10      10      -0.10
10      10      0.00
10      9       0.30
10      9       0.66
10      9       0.73
10      9       0.93
10      8       1.15
10      8       1.25
10      8       1.54
10      8       1.51
10      9       0.91
10      9       0.64
10      9       0.36
10      9       0.04
10      10      0.00
10      9       0.03
10      10      -0.10
10      10      -0.11
10      10      -0.26
10      10      -0.28
10      10      -0.27
10      10      -0.14
10      9       0.02
10      9       0.03
10      9       0.26
10      9       0.30
10      9       0.49
10      9       0.55
10      9       0.65
10      9       0.63
10      9       0.73
10      9       0.85
10      9       0.84
10      8       1.03
10      9       0.84
10      9       0.27
10      9       0.09
10      9       0.04
10      10      -0.13
10      10      -0.11
10      10      -0.20
10      10      -0.19
10      10      -0.33
10      10      -0.33
10      10      -0.31
10      10      -0.30
10      10      -0.01
10      9       0.01
10      9       0.22
10      9       0.30
10      9       0.48
10      9       0.54
10      9       0.66
10      9       0.65
10      9       0.72
10      9       0.85
10      9       0.85
10      9       0.54
10      9       0.21
10      9       0.13
10      9       0.02
10      10      -0.02
10      10      -0.18
10      10      -0.15
10      10      -0.13
10      10      -0.22
10      10      -0.28
10      11      -1.10
10      11      -1.06
10      11      -0.92
10      10      -0.89
10      10      -0.42
10      10      -0.27
10      10      -0.47
10      10      -0.46
10      10      -0.04
10      9       0.07