0       17992
6575    -25634
5998    -25999
4747    -17802
3513    -8452
2355    609
1279    9098
3314    -3998
2667    -790
1507    7452
2397    2171
2056    4064
1344    9145
3359    -4260
2599    -343
1408    8177
2807    -589
2219    2654
1423    8423
3153    -2921
2504    446
1342    8729
3194    -3197
2435    899
1356    8681
2956    -1550
2464    868
1385    8494
2977    -1717
2449    950
1408    8336
2893    -1151
2364    1594
1339    8886
3097    -2499
2561    97
1457    7905
2622    673
1880    5131
1701    6772
2329    2635
1999    4504
1611    7343
2489    1581
1989    4467
1635    7166
2430    1970
1958    4725
1516    8020
2999    -1876
2416    1166
1182    9922
3638    -6137
3081    -3870
1996    3726
1469    8171
3028    -2081
2240    2363
1322    9077
3089    -2419
2494    575
1391    8412
2886    -1101
2298    2059
1377    8676
3014    -1938
2484    691
1516    7562
2769    -378
2131    3283
1308    9286
3553    -5599
2977    -3096
1821    5018
1570    7613
2927    -1427
2302    1991
1339    8924
3121    -2655
2369    1413
1360    8710
2984    -1740
2504    571
1480    7804
2667    353
2142    3284
1380    8796
1380    9392
3606    -5890
2984    -3169
1936    4215
1471    8217
3036    -2122
2444    942
1328    8889
3058    -2240
2479    695
1591    7044
2374    2305
1996    4491
1545    7800
2788    -442
2420    1280
1273    9321
3574    -5758
3074    -3783
1952    4045
1241    9785
3692    -6504
3074    -3854
1886    4486
1386    8823
3145    -2810
2546    176
1494    7653
2763    -331
2180    2948
1365    8860
3341    -4176
2696    -1010
1628    6585
2184    3552
1906    5235
1863    5687
1869    5710
1958    5100
1933    5208
2039    4481
1892    5426
1871    5657
2087    4194
1942    5049
1800    6108
2219    3325
1841    5667
2002    4764
1824    5925
1886    5612
2095    4146
1886    5436
1846    5830
1860    5786
2116    4014
1846    5698
1852    5818
1955    5132
2091    4120
1869    5548
1720    6716
2519    1316
1883    5172
1754    6413
2146    3864
2029    4423
1666    6969
2311    2773
2032    4292
1659    6991
2307    2803
1921    5064
1819    5968
2172    3635
1869    5505
1696    6872
2494    1508
1980    4522
1520    7968
2744    -123
2135    3292
1342    9053
3425    -4732
2893    -2426
1724    5768
1830    5903
1830    6000
2168    3675
1846    5665
1942    5183
1949    5108
1886    5532
1977    4945
1854    5734
1996    4832
1949    5074
1767    6350
2016    4761
2084    4135
1701    6708
2161    3784
1880    5448
1871    5653
1967    5026