255     0
254     0
253     0
252     0
251     0
250     0
249     0
248     0
247     0
246     0
245     0
244     0
243     0
242     0
241     0
240     0
239     0
238     0
237     278
236     293
235     303
234     296
233     307
232     401
231     461
230     476
229     602
228     622
227     625
226     622
225     623
224     728
223     773
222     765
221     921
220     948
219     962
218     964
217     970
216     975
215     1239
214     1334
213     1360
212     1350
211     1367
210     1350
209     1335
208     1367
207     1683
206     1793
205     1750
204     1762
203     1787
202     1912
201     2008
200     2052
199     2055
198     2030
197     2025
196     2057
195     2068
194     2156
193     2263
192     2307
191     2411
190     2509
189     2651
188     2752
187     2828
186     2806
185     2808
184     2943
183     3021
182     3020
181     2994
180     3010
179     3005
178     3143
177     3227
176     3355
175     3475
174     3449
173     3479
172     3452
171     3704
170     3886
169     3888
168     3936
167     3944
166     3941
165     3899
164     3922
163     4054
162     4131
161     4185
160     4385
159     4413
158     4431
157     4407
156     4415
155     4515
154     4603
153     4712
152     4787
151     4789
150     4764
149     4709
148     4830
147     4884
146     4887
145     5022
144     5094
143     5086
142     5102
141     5086
140     5279
139     5285
138     5283
137     5238
136     5255
135     5443
134     5576
133     5570
132     5561
131     5583
130     5654
129     5582
128     5666
127     5742
126     5726
125     5866
124     5915
123     5845
122     5926
121     5901
120     6002
119     6080
118     6110
117     6206
116     6230
115     6238
114     6241
113     6246
112     6294
111     6396
110     6493
109     6476
108     6519
107     6459
106     6506
105     6669
104     6798
103     6751
102     6807
101     6784
100     6841
99      6912
98      6860
97      6908
96      6846
95      6908
94      6813
93      6957
92      7002
91      7007
90      7082
89      7118
88      7113
87      7046
86      7118
85      7181
84      7228
83      7201
82      7319
81      7335
80      7314
79      7373
78      7374
77      7402
76      7419
75      7509
74      7515
73      7509
72      7538
71      7509
70      7619
69      7667
68      7668
67      7734
66      7758
65      7794
64      7673
63      7846
62      7851
61      7801
60      7939
59      7978
58      8050
57      8004
56      7990
55      8143
54      8104
53      8179
52      8218
51      8218
50      8191
49      8170
48      8226
47      8358
46      8337
45      8417
44      8502
43      8531
42      8386
41      8502
40      8659
39      8652
38      8562
37      8600
36      8586
35      8728
34      8728
33      8745
32      8814
31      8845
30      8806
29      8855
28      8746
27      8918
26      8855
25      9033
24      9083
23      9075
22      9091
21      9075
20      9168
19      9151
18      9254
17      9307
16      9289
15      9316
14      9246
13      9246
12      9422
11      9532
10      9486
9       9570
8       9568
7       9625
6       9634
5       9654
4       9770
3       9797
2       9788
1       9807
0       9701